<?xml version="1.0"?>
<opencv_storage>
<AUC type_id="opencv-matrix">
  <rows>19</rows>
  <cols>3</cols>
  <dt>f</dt>
  <data>
    0. 0. 0. 1. 2.10526317e-01 1.00000001e-01 1. 5.26315808e-01
    1.50000006e-01 1. 7.36842096e-01 2.00000003e-01 1. 7.89473712e-01
    2.50000000e-01 1. 7.89473712e-01 3.00000012e-01 1. 8.42105269e-01
    3.49999994e-01 1. 8.42105269e-01 4.00000006e-01 1. 8.42105269e-01
    4.49999988e-01 1. 8.42105269e-01 5.00000000e-01 1. 8.42105269e-01
    5.50000012e-01 1. 8.42105269e-01 6.00000024e-01 1. 8.42105269e-01
    6.49999976e-01 1. 8.42105269e-01 6.99999988e-01 1. 8.42105269e-01
    7.50000000e-01 1. 8.42105269e-01 8.00000012e-01 1. 8.42105269e-01
    8.50000024e-01 1. 8.42105269e-01 8.99999976e-01 1. 8.42105269e-01
    9.49999988e-01</data></AUC>
</opencv_storage>
