<?xml version="1.0"?>
<opencv_storage>
<AUC type_id="opencv-matrix">
  <rows>12</rows>
  <cols>3</cols>
  <dt>f</dt>
  <data>
    0. 0. 0. 1. 7.50000000e-01 1.00000001e-01 9.49999988e-01
    9.49999988e-01 1. 1. 9.49999988e-01 10. 1. 9.49999988e-01 100. 1.
    9.49999988e-01 1000. 1. 9.49999988e-01 10000. 1. 9.49999988e-01
    100000. 1. 9.49999988e-01 1000000. 1. 9.49999988e-01 10000000. 1.
    9.49999988e-01 100000000. 1. 9.49999988e-01 1000000000.</data></AUC>
</opencv_storage>
