<?xml version="1.0"?>
<opencv_storage>
<hog_0 type_id="opencv-matrix">
  <rows>117</rows>
  <cols>1</cols>
  <dt>f</dt>
  <data>
    4.55354825e-02 5.16447574e-02 1.33721828e-01 2.72626966e-01
    4.81562257e-01 2.63978392e-01 8.82448852e-02 4.65309508e-02
    3.25100161e-02 1.05175488e-01 1.35234699e-01 1.93064198e-01
    2.77043402e-01 3.41736287e-01 2.95723617e-01 1.68179929e-01
    1.34345978e-01 1.50672898e-01 1.07097328e-01 1.92502081e-01
    2.64348745e-01 2.87642509e-01 4.46209729e-01 3.65702391e-01
    1.35375559e-01 9.61022228e-02 9.41951051e-02 2.83797011e-02
    1.83370560e-02 7.25773647e-02 1.12913139e-01 1.91939667e-01
    1.82970122e-01 6.16482086e-02 2.75216736e-02 9.82310344e-03
    7.04328790e-02 5.45656644e-02 1.19310208e-01 1.92170158e-01
    2.84276843e-01 1.93862900e-01 8.29228014e-02 6.68356642e-02
    4.43395674e-02 1.62715763e-01 1.98526874e-01 2.33980387e-01
    2.10194007e-01 2.56026953e-01 2.08677053e-01 1.12576663e-01
    1.02387957e-01 1.11626782e-01 1.06017284e-01 8.40676725e-02
    1.27340242e-01 2.06178859e-01 2.70218402e-01 2.14918301e-01
    1.04757302e-01 6.03326112e-02 4.94591817e-02 6.95342273e-02
    5.24399281e-02 9.21098888e-02 1.41040206e-01 2.41555914e-01
    1.64435640e-01 7.48147368e-02 5.98115437e-02 3.42611335e-02
    1.08995117e-01 8.54067951e-02 1.05677038e-01 1.78249672e-01
    3.94538879e-01 3.36277634e-01 1.52909815e-01 1.14233211e-01
    9.25959498e-02 4.51990962e-02 2.12315470e-02 6.16540611e-02
    1.25978112e-01 2.96806753e-01 1.73294783e-01 4.92569394e-02
    4.41697389e-02 2.29597799e-02 2.43906036e-01 2.01284572e-01
    1.97222620e-01 1.87804386e-01 2.39830509e-01 2.30923310e-01
    1.81471944e-01 1.85944632e-01 1.66620955e-01 1.46014974e-01
    1.61702558e-01 1.77120641e-01 1.90636575e-01 2.25506306e-01
    2.46690273e-01 1.91285923e-01 1.44330859e-01 1.29325628e-01
    2.45075673e-02 1.94874723e-02 6.10974990e-02 1.94110557e-01
    3.88338536e-01 1.65956900e-01 2.01150961e-02 1.61622670e-02
    1.43652307e-02</data></hog_0>
<hog_1 type_id="opencv-matrix">
  <rows>117</rows>
  <cols>1</cols>
  <dt>f</dt>
  <data>
    1.04695663e-01 8.68535265e-02 1.15528278e-01 1.90737024e-01
    3.62048984e-01 4.18491751e-01 2.38342211e-01 1.31779566e-01
    1.03596985e-01 3.43485139e-02 2.45215576e-02 3.62815671e-02
    7.24711791e-02 1.81606531e-01 2.21081600e-01 1.45187244e-01
    6.66567087e-02 3.14253643e-02 1.82167441e-02 1.46595957e-02
    2.54830364e-02 5.55956773e-02 2.47131109e-01 2.55978823e-01
    5.53096198e-02 2.91393623e-02 1.73863992e-02 1.28256828e-01
    6.88385218e-02 5.59993014e-02 7.87295997e-02 1.63014844e-01
    1.68991879e-01 1.30394638e-01 1.21377960e-01 1.06369592e-01
    7.44984224e-02 5.11550084e-02 6.90914840e-02 8.97035822e-02
    2.03734532e-01 2.02977329e-01 1.21740863e-01 1.03056014e-01
    8.86612535e-02 1.00805447e-01 8.26275200e-02 1.17419399e-01
    1.42709211e-01 1.88262790e-01 1.68174326e-01 9.21118408e-02
    9.22508538e-02 1.16364002e-01 3.87428999e-02 3.84055413e-02
    5.19843809e-02 1.13502473e-01 4.15616393e-01 3.83984804e-01
    9.34803262e-02 4.41179983e-02 3.75061221e-02 4.45489623e-02
    4.27937359e-02 6.53025061e-02 1.25757828e-01 3.00569445e-01
    1.93521827e-01 9.61756259e-02 8.01839530e-02 6.30137324e-02
    6.11291379e-02 3.19569223e-02 3.66109908e-02 7.39892349e-02
    3.16323966e-01 3.46416980e-01 1.05495155e-01 8.42855349e-02
    8.67636278e-02 4.92686965e-02 5.01407720e-02 8.17516074e-02
    1.34933010e-01 4.00326669e-01 3.81917208e-01 9.57722440e-02
    4.68373895e-02 3.53063047e-02 1.67414993e-01 1.03094526e-01
    8.87433514e-02 1.28373250e-01 3.52516294e-01 3.47464889e-01
    1.96030512e-01 1.94975764e-01 2.17574686e-01 8.73721838e-02
    7.29329884e-02 7.83596113e-02 9.62021276e-02 1.97033495e-01
    2.58399218e-01 2.42381826e-01 2.29437873e-01 1.38419539e-01
    8.29338133e-02 6.37242496e-02 7.40406066e-02 1.42060801e-01
    3.00381005e-01 2.73116767e-01 1.04831167e-01 6.54699430e-02
    7.09643289e-02</data></hog_1>
<hog_2 type_id="opencv-matrix">
  <rows>117</rows>
  <cols>1</cols>
  <dt>f</dt>
  <data>
    2.93515861e-01 2.73816586e-01 1.18671179e-01 6.71948493e-02
    6.64129034e-02 6.54745996e-02 6.69370815e-02 8.34869072e-02
    1.60627142e-01 2.67627329e-01 2.89766610e-01 2.27497429e-01
    1.39648676e-01 1.05992720e-01 9.20577422e-02 1.03647880e-01
    1.41001329e-01 2.04063624e-01 1.81175247e-01 1.84069306e-01
    1.92192823e-01 9.76498723e-02 7.75896534e-02 9.18342695e-02
    1.22690707e-01 1.75251484e-01 1.88102901e-01 3.39172572e-01
    3.47464710e-01 2.16164559e-01 1.31356299e-01 1.19441524e-01
    1.12520628e-01 1.06329232e-01 1.24302745e-01 1.87618896e-01
    2.16226906e-01 1.28689647e-01 9.91907492e-02 7.98606202e-02
    7.09318295e-02 5.90355881e-02 1.05650105e-01 2.70465672e-01
    2.87702858e-01 1.90072179e-01 2.02715650e-01 1.62473574e-01
    1.40399516e-01 1.59185156e-01 1.81856215e-01 1.82636857e-01
    1.85130730e-01 2.02194452e-01 2.67850965e-01 2.74070263e-01
    2.15620920e-01 1.41020179e-01 1.17518418e-01 1.11916430e-01
    1.23278402e-01 1.35002881e-01 1.90865070e-01 9.20928791e-02
    1.11645363e-01 1.59513295e-01 2.67385960e-01 3.28246087e-01
    2.36714572e-01 1.59773454e-01 1.25586435e-01 1.11994997e-01
    1.47392958e-01 9.17150974e-02 9.31176171e-02 1.14791311e-01
    1.48824900e-01 1.96443364e-01 2.39014193e-01 1.87492803e-01
    1.52155519e-01 2.36964434e-01 1.91596404e-01 1.45008594e-01
    1.35229930e-01 1.24888971e-01 1.19878471e-01 1.20441817e-01
    1.35358334e-01 1.77354649e-01 2.25793272e-01 3.19487065e-01
    2.31197178e-01 1.64620653e-01 2.53576368e-01 2.06444785e-01
    1.13388598e-01 1.13789856e-01 1.28230631e-01 3.98320794e-01
    3.05661380e-01 1.90904453e-01 1.33872643e-01 8.02570656e-02
    6.96960911e-02 7.40395635e-02 1.01331577e-01 2.37940699e-01
    2.54576117e-01 2.13576719e-01 1.74409345e-01 1.36430770e-01
    1.21253081e-01 1.11590415e-01 9.60874408e-02 1.28060549e-01
    1.77168429e-01</data></hog_2>
<hog_3 type_id="opencv-matrix">
  <rows>117</rows>
  <cols>1</cols>
  <dt>f</dt>
  <data>
    1.98650926e-01 1.38524264e-01 9.82072651e-02 7.92373717e-02
    9.47777107e-02 8.76416266e-02 8.81656632e-02 1.09414473e-01
    9.60677266e-02 2.10696489e-01 2.08743021e-01 1.76145807e-01
    1.73358530e-01 1.78837746e-01 1.18926071e-01 7.62727186e-02
    7.86468610e-02 1.20737098e-01 2.21114308e-01 1.74484447e-01
    1.45226538e-01 1.80920273e-01 2.06651106e-01 1.49200678e-01
    1.15280934e-01 1.19813286e-01 1.51832193e-01 1.83899865e-01
    1.37971535e-01 1.59895658e-01 1.71239197e-01 2.23730117e-01
    2.00277209e-01 1.30631536e-01 1.23240612e-01 1.46224409e-01
    6.70154393e-02 9.44390148e-02 1.82219610e-01 2.39997491e-01
    3.26954722e-01 2.29806811e-01 1.23650208e-01 7.01332390e-02
    5.10522649e-02 1.72646239e-01 1.51921660e-01 1.94016457e-01
    2.13098273e-01 2.45873943e-01 2.98601568e-01 1.72664538e-01
    1.21190578e-01 1.36239469e-01 1.76313415e-01 1.45414203e-01
    1.73493549e-01 1.07801311e-01 1.46153837e-01 1.63565159e-01
    1.31431773e-01 1.53894842e-01 1.45540968e-01 9.42863226e-02
    9.35708508e-02 1.24831602e-01 1.37765676e-01 1.82202607e-01
    2.40267113e-01 1.94061622e-01 1.40025675e-01 1.00559272e-01
    1.37543425e-01 1.11827947e-01 1.29641399e-01 1.65266916e-01
    2.34589875e-01 2.34487906e-01 1.66317612e-01 1.21987432e-01
    9.97987315e-02 1.31943762e-01 8.94866884e-02 1.10415377e-01
    1.44429728e-01 1.70412853e-01 1.57145396e-01 1.25748470e-01
    1.20071091e-01 9.52484384e-02 1.40507877e-01 1.17813148e-01
    1.25759184e-01 1.47583947e-01 1.80255353e-01 2.16149777e-01
    1.98535025e-01 1.56075642e-01 1.57888681e-01 3.00271213e-01
    2.65552342e-01 2.69844174e-01 1.64362445e-01 1.47607610e-01
    1.84749842e-01 1.94524080e-01 2.26395518e-01 2.52731085e-01
    1.69959426e-01 1.13097608e-01 1.29954368e-01 1.51853830e-01
    2.01206133e-01 1.93894476e-01 1.26082182e-01 1.18564382e-01
    1.49966761e-01</data></hog_3>
