<?xml version="1.0"?>
<opencv_storage>
<hog_0 type_id="opencv-matrix">
  <rows>117</rows>
  <cols>1</cols>
  <dt>f</dt>
  <data>
    1.06548660e-01 8.55973586e-02 1.18754692e-01 1.85075581e-01
    3.64508986e-01 4.20015544e-01 2.38008410e-01 1.30736351e-01
    1.01290509e-01 3.33191678e-02 2.41356511e-02 3.75634171e-02
    6.96174577e-02 1.81041062e-01 2.24905938e-01 1.41041085e-01
    6.68802634e-02 3.10028531e-02 1.84595902e-02 1.41529907e-02
    2.49661021e-02 5.32994308e-02 2.48771012e-01 2.54514128e-01
    5.37971854e-02 2.80964524e-02 1.65824182e-02 1.24738507e-01
    7.00405911e-02 5.36320470e-02 7.56990090e-02 1.64380878e-01
    1.68101117e-01 1.28718853e-01 1.21007629e-01 1.07625879e-01
    7.51026720e-02 5.28171025e-02 6.69620559e-02 9.21758413e-02
    2.00015858e-01 2.06348330e-01 1.18573129e-01 1.01034008e-01
    8.67800415e-02 9.87338275e-02 8.54024887e-02 1.14109449e-01
    1.43084854e-01 1.87111929e-01 1.69187561e-01 9.14058536e-02
    9.27872956e-02 1.14472508e-01 3.71207669e-02 3.89006920e-02
    5.08138314e-02 1.12064466e-01 4.17801380e-01 3.84586096e-01
    9.16902721e-02 4.37058769e-02 3.83284390e-02 4.72425371e-02
    4.20199707e-02 6.47895262e-02 1.22285448e-01 3.05417567e-01
    1.91696569e-01 9.65758711e-02 7.93068781e-02 6.10886812e-02
    6.05728813e-02 3.08657959e-02 3.54551636e-02 7.47710168e-02
    3.16190243e-01 3.46222460e-01 1.03659146e-01 8.64309222e-02
    8.51538926e-02 4.97954860e-02 5.15508130e-02 8.02507326e-02
    1.32362679e-01 4.04659867e-01 3.81724328e-01 9.34359282e-02
    4.65093665e-02 3.48612480e-02 1.66547641e-01 1.05058253e-01
    8.89599696e-02 1.27923131e-01 3.49453062e-01 3.48552406e-01
    1.95910200e-01 1.94226563e-01 2.15444505e-01 8.54941383e-02
    7.18951598e-02 8.12986419e-02 9.37848911e-02 1.98228255e-01
    2.59759605e-01 2.41423607e-01 2.32529938e-01 1.37768388e-01
    7.93805271e-02 6.26494661e-02 7.40960315e-02 1.44007787e-01
    2.98118591e-01 2.72445917e-01 1.04001090e-01 6.37983680e-02
    7.34262392e-02</data></hog_0>
<hog_1 type_id="opencv-matrix">
  <rows>117</rows>
  <cols>1</cols>
  <dt>f</dt>
  <data>
    2.94259250e-01 2.74686754e-01 1.20585680e-01 6.72007129e-02
    6.44565001e-02 6.49739429e-02 6.77353591e-02 8.20622444e-02
    1.57357290e-01 2.69932806e-01 2.91832924e-01 2.28457972e-01
    1.39883980e-01 1.01696938e-01 9.09133852e-02 1.02249995e-01
    1.41804248e-01 2.04299778e-01 1.79848775e-01 1.88836798e-01
    1.91565692e-01 9.29162800e-02 7.69651607e-02 9.15162936e-02
    1.22231327e-01 1.72503471e-01 1.89948440e-01 3.39104354e-01
    3.46923679e-01 2.21259102e-01 1.30586818e-01 1.16902493e-01
    1.10942319e-01 1.04300201e-01 1.24486215e-01 1.85786366e-01
    2.19169199e-01 1.27952725e-01 9.91348177e-02 7.82735795e-02
    6.82815239e-02 5.93416616e-02 1.02478303e-01 2.70416796e-01
    2.87621975e-01 1.92978933e-01 2.04766840e-01 1.60825625e-01
    1.34810880e-01 1.61873430e-01 1.82518542e-01 1.85487866e-01
    1.81112185e-01 2.02429384e-01 2.69975871e-01 2.78834313e-01
    2.16892645e-01 1.39665827e-01 1.13817357e-01 1.11676902e-01
    1.25170708e-01 1.32477015e-01 1.84364751e-01 9.15874466e-02
    1.11795217e-01 1.59957156e-01 2.66950458e-01 3.29587668e-01
    2.37233818e-01 1.59754530e-01 1.26107544e-01 1.09283052e-01
    1.48882672e-01 8.68241116e-02 9.05759558e-02 1.15831204e-01
    1.46747351e-01 1.96793213e-01 2.40292281e-01 1.84045538e-01
    1.53619349e-01 2.35987619e-01 1.92380831e-01 1.46001279e-01
    1.34203315e-01 1.26209408e-01 1.21079199e-01 1.19913124e-01
    1.30837008e-01 1.78806826e-01 2.27113396e-01 3.25257659e-01
    2.30642438e-01 1.55899391e-01 2.56142229e-01 2.05600366e-01
    1.10119574e-01 1.14337713e-01 1.22222237e-01 4.02332276e-01
    3.09090972e-01 1.86729386e-01 1.35015190e-01 7.51554072e-02
    6.71994314e-02 7.50729814e-02 1.02707617e-01 2.33746290e-01
    2.55389780e-01 2.13454351e-01 1.75709769e-01 1.35199368e-01
    1.19342580e-01 1.09914385e-01 9.41625684e-02 1.29329890e-01
    1.79658964e-01</data></hog_1>
<hog_2 type_id="opencv-matrix">
  <rows>117</rows>
  <cols>1</cols>
  <dt>f</dt>
  <data>
    2.11799294e-01 1.23689577e-01 1.01863995e-01 7.16425627e-02
    8.20406899e-02 8.33415836e-02 9.07017440e-02 1.04863226e-01
    1.04606740e-01 2.18863249e-01 1.96271703e-01 1.75948888e-01
    1.76842824e-01 1.61644191e-01 1.30073756e-01 7.98356980e-02
    7.51989111e-02 1.16074771e-01 2.24782988e-01 1.83445081e-01
    1.46057203e-01 1.83452994e-01 2.06386924e-01 1.47650540e-01
    1.15984634e-01 1.16262682e-01 1.52778998e-01 1.81070939e-01
    1.44044325e-01 1.57881275e-01 1.66214660e-01 2.31948793e-01
    1.99872866e-01 1.32815272e-01 1.24504194e-01 1.42989546e-01
    6.75656497e-02 9.21760127e-02 1.82414681e-01 2.45543331e-01
    3.21912169e-01 2.34059900e-01 1.16134852e-01 6.80623353e-02
    5.12741953e-02 1.72581151e-01 1.50698930e-01 1.90742195e-01
    2.17866510e-01 2.41566837e-01 3.04491043e-01 1.74997002e-01
    1.12928912e-01 1.41634226e-01 1.68335274e-01 1.52042672e-01
    1.63194537e-01 1.09654903e-01 1.48184255e-01 1.66263625e-01
    1.27590314e-01 1.43913582e-01 1.43795818e-01 8.66342410e-02
    9.05276984e-02 1.17917210e-01 1.50192142e-01 1.75424725e-01
    2.40881473e-01 2.00407207e-01 1.41892076e-01 1.07012331e-01
    1.36541486e-01 1.18024208e-01 1.26025155e-01 1.67495444e-01
    2.31000289e-01 2.44611993e-01 1.60505027e-01 1.12617604e-01
    1.10946707e-01 1.35238186e-01 9.19014663e-02 9.88786742e-02
    1.48037240e-01 1.65839523e-01 1.55030429e-01 1.24429546e-01
    1.18026584e-01 1.03048384e-01 1.43688500e-01 1.23859085e-01
    1.18298776e-01 1.40574887e-01 1.78155199e-01 2.23788425e-01
    1.90004840e-01 1.52784765e-01 1.67646185e-01 3.07290077e-01
    2.57474720e-01 2.67198116e-01 1.65338293e-01 1.48749441e-01
    1.95655018e-01 1.91522971e-01 2.16129258e-01 2.57787943e-01
    1.71485946e-01 1.03052884e-01 1.30926475e-01 1.62423879e-01
    1.95486844e-01 1.90510735e-01 1.16748989e-01 1.16152160e-01
    1.58458665e-01</data></hog_2>
<hog_3 type_id="opencv-matrix">
  <rows>117</rows>
  <cols>1</cols>
  <dt>f</dt>
  <data>
    3.72555777e-02 2.17300858e-02 5.32488264e-02 9.57839340e-02
    2.22534895e-01 2.27958709e-01 1.11248024e-01 5.21010906e-02
    2.51421966e-02 4.26956639e-02 3.78790870e-02 5.43213077e-02
    1.22040033e-01 3.20091128e-01 3.19033504e-01 1.37734815e-01
    6.77863210e-02 4.18364555e-02 6.60879686e-02 5.32095321e-02
    9.67647731e-02 2.00827837e-01 3.59535336e-01 3.66432369e-01
    2.18513727e-01 1.01043954e-01 5.69823012e-02 7.47240260e-02
    4.50448394e-02 7.48541206e-02 1.21900730e-01 2.29190320e-01
    2.22756654e-01 9.22045633e-02 7.07773045e-02 4.31055538e-02
    3.80375385e-02 3.44103947e-02 6.93833530e-02 1.68679625e-01
    4.95161027e-01 4.03149992e-01 1.44647866e-01 5.11223264e-02
    4.03102487e-02 9.66133848e-02 9.98474285e-02 1.14840135e-01
    1.96626693e-01 3.44333082e-01 2.44568586e-01 1.56090364e-01
    1.38918161e-01 9.18526724e-02 8.53210166e-02 5.78358769e-02
    1.09765835e-01 1.83489546e-01 1.99456394e-01 2.10126147e-01
    1.37033328e-01 9.50581506e-02 6.51658922e-02 8.09047893e-02
    6.89832643e-02 9.67948735e-02 1.90353841e-01 3.22481781e-01
    2.77597040e-01 1.64795429e-01 1.19553633e-01 7.20818490e-02
    6.31231591e-02 6.44726381e-02 1.06188923e-01 1.89037278e-01
    3.11007798e-01 2.53727764e-01 1.13285549e-01 6.38322905e-02
    5.38267381e-02 7.59505853e-02 5.88112436e-02 8.50993916e-02
    1.36600465e-01 3.45879942e-01 3.48345995e-01 1.24180324e-01
    5.61783090e-02 4.13423032e-02 6.89373165e-02 4.98118214e-02
    8.47395509e-02 1.39085516e-01 2.68438011e-01 3.45359176e-01
    2.32051879e-01 1.15923509e-01 7.05740824e-02 6.35315478e-02
    3.90799940e-02 6.94703162e-02 1.55786023e-01 4.13205385e-01
    3.77173424e-01 1.90044507e-01 9.25394967e-02 6.13345727e-02
    5.82543388e-02 2.11495999e-02 3.97933722e-02 7.90380388e-02
    2.31505737e-01 3.05664569e-01 1.57951042e-01 6.19481392e-02
    3.69300433e-02</data></hog_3>
