<?xml version="1.0"?>
<opencv_storage>
<hog_0 type_id="opencv-matrix">
  <rows>117</rows>
  <cols>1</cols>
  <dt>f</dt>
  <data>
    6.29970059e-02 4.31238003e-02 9.25990269e-02 9.69420746e-02
    1.57231927e-01 1.63816974e-01 1.08707316e-01 7.55640417e-02
    3.21445838e-02 7.01748580e-02 1.71991125e-01 2.42773131e-01
    1.57352343e-01 8.32350776e-02 7.47853816e-02 5.27792163e-02
    3.97856161e-02 3.42270695e-02 7.47342855e-02 1.47568032e-01
    2.86139965e-01 3.02046806e-01 2.07285717e-01 1.29175246e-01
    1.21359222e-01 6.34276345e-02 4.58488576e-02 2.07969218e-01
    1.53342143e-01 8.88606533e-02 1.35870770e-01 1.06915824e-01
    1.05042465e-01 1.25864521e-01 1.60545185e-01 2.18278244e-01
    7.92649314e-02 9.68757719e-02 1.24269642e-01 1.39888614e-01
    1.38769105e-01 1.51672095e-01 1.42135605e-01 1.06770597e-01
    7.87765905e-02 3.04724753e-01 3.12662512e-01 1.82291880e-01
    1.42855763e-01 2.50234395e-01 1.51704967e-01 7.45386556e-02
    5.24463430e-02 1.08401209e-01 3.50575060e-01 4.13144290e-01
    1.26860216e-01 8.49404782e-02 8.19566026e-02 7.37746358e-02
    6.24094680e-02 7.87845030e-02 1.29798502e-01 2.82068383e-02
    3.23291607e-02 8.71905982e-02 1.40543893e-01 2.15698153e-01
    1.92194805e-01 7.70675763e-02 3.75266224e-02 1.87704917e-02
    1.32657543e-01 1.10286400e-01 1.07608698e-01 1.04483128e-01
    2.54283279e-01 2.98281968e-01 8.11332166e-02 5.11509292e-02
    5.80741167e-02 1.19605690e-01 8.31031129e-02 6.73227608e-02
    6.42452538e-02 8.52623358e-02 9.73413438e-02 8.84455889e-02
    7.55013451e-02 7.26221725e-02 4.01843637e-01 1.76022604e-01
    7.38412812e-02 8.05814788e-02 1.17221370e-01 8.78512263e-02
    7.37601221e-02 1.25573099e-01 1.94635272e-01 5.33175945e-01
    2.34959304e-01 1.58276260e-01 1.37999147e-01 1.18591636e-01
    6.95556104e-02 8.35275203e-02 8.05289000e-02 1.93174392e-01
    3.63218367e-01 2.63670683e-01 1.50952220e-01 7.88046867e-02
    5.56483343e-02 5.57274930e-02 6.26848415e-02 1.05120763e-01
    2.02208221e-01</data></hog_0>
<hog_1 type_id="opencv-matrix">
  <rows>117</rows>
  <cols>1</cols>
  <dt>f</dt>
  <data>
    1.26087666e-01 1.17038310e-01 1.14052616e-01 1.28510237e-01
    1.37729675e-01 1.26655295e-01 7.46627897e-02 4.90963086e-02
    1.79268047e-02 1.11672960e-01 1.39945909e-01 2.19269410e-01
    1.77848056e-01 1.34026170e-01 1.35946572e-01 6.45274520e-02
    7.28891492e-02 1.13117345e-01 4.99656126e-02 4.53945100e-02
    1.14987686e-01 1.44618198e-01 2.83901215e-01 3.82431418e-01
    1.76860571e-01 1.35083452e-01 8.18567798e-02 1.06413431e-01
    7.75148869e-02 9.61235315e-02 1.25798419e-01 2.28502423e-01
    3.25365454e-01 1.35240093e-01 7.33148158e-02 6.35194182e-02
    3.85886431e-02 2.26012478e-03 4.69512343e-02 6.00670502e-02
    1.84701458e-01 1.97627276e-01 6.28588051e-02 3.94367911e-02
    3.43061378e-03 5.42499237e-02 2.49551218e-02 7.43017048e-02
    1.85353547e-01 4.18910056e-01 2.80797452e-01 9.70873237e-02
    4.97782342e-02 2.02495214e-02 1.11286029e-01 1.19223028e-01
    1.18413001e-01 1.40008286e-01 2.22692698e-01 1.74757227e-01
    1.02918223e-01 1.02340184e-01 8.22827369e-02 3.26013379e-02
    1.31204249e-02 6.86257109e-02 1.28502637e-01 2.74377435e-01
    2.66873151e-01 8.79129320e-02 4.15781103e-02 9.31124389e-03
    6.31813928e-02 1.09205797e-01 2.20659912e-01 2.87835121e-01
    3.70588183e-01 2.01846868e-01 5.99913970e-02 5.16561009e-02
    4.17932831e-02 1.58783749e-01 1.18253008e-01 1.24083392e-01
    1.89070210e-01 2.81005353e-01 2.46595964e-01 1.27484098e-01
    6.83073625e-02 7.42876306e-02 1.02490820e-01 7.37424865e-02
    9.58507881e-02 1.89620391e-01 5.31513155e-01 3.55736226e-01
    6.92778155e-02 5.06837741e-02 5.87200075e-02 2.43599057e-01
    1.99877366e-01 1.90277666e-01 1.64479062e-01 1.78429782e-01
    1.21995576e-01 6.20733388e-02 5.25388457e-02 9.76684466e-02
    9.66139957e-02 5.80419004e-02 7.14136735e-02 1.03558376e-01
    2.57054359e-01 3.33892196e-01 1.59789398e-01 7.77847543e-02
    6.81018531e-02</data></hog_1>
<hog_2 type_id="opencv-matrix">
  <rows>117</rows>
  <cols>1</cols>
  <dt>f</dt>
  <data>
    2.20446344e-02 1.66098773e-02 3.26505862e-02 6.53397590e-02
    2.46287897e-01 2.17519373e-01 4.80075739e-02 2.23186258e-02
    2.39001634e-03 1.01583332e-01 2.62065142e-01 4.40575808e-01
    2.69398481e-01 1.18814185e-01 3.96729335e-02 1.10229952e-02
    1.47517528e-02 1.52822724e-02 1.64306611e-01 2.06428617e-01
    4.22231764e-01 3.53866607e-01 4.91061926e-01 2.75357366e-01
    8.19549039e-02 4.86306213e-02 1.06091917e-01 1.38197348e-01
    5.15929312e-02 1.44065246e-01 1.62661910e-01 1.70213684e-01
    1.05068393e-01 6.74559250e-02 9.51289460e-02 9.82173085e-02
    4.95690666e-02 7.98586458e-02 1.77215472e-01 3.30231875e-01
    5.48280537e-01 3.28622580e-01 9.76322070e-02 6.98410496e-02
    1.37029877e-02 8.88962150e-02 1.22189755e-02 1.08288571e-01
    2.76859850e-01 2.48369500e-01 1.46122649e-01 6.55584186e-02
    1.28015772e-01 1.07949831e-01 2.00084671e-01 1.56711757e-01
    1.42799601e-01 1.38706356e-01 2.69195169e-01 2.36997381e-01
    1.15324318e-01 1.04075640e-01 8.34808797e-02 1.03267111e-01
    1.53545579e-02 1.05689429e-01 1.38229936e-01 1.96440756e-01
    1.02362081e-01 3.71219032e-02 7.83016086e-02 2.57348586e-02
    8.73047709e-02 3.72460708e-02 7.89239630e-02 9.69318599e-02
    3.27692658e-01 3.05414736e-01 7.96518847e-02 8.84567946e-02
    5.21501601e-02 1.15376532e-01 1.15758739e-01 1.70719549e-01
    1.51807845e-01 2.61867970e-01 2.44495973e-01 1.56257227e-01
    1.18160501e-01 1.20971665e-01 3.33705366e-01 1.16322912e-01
    1.11129373e-01 5.92856370e-02 9.27282125e-02 1.56108230e-01
    1.91206574e-01 1.73735291e-01 1.81955814e-01 4.05012935e-01
    2.09331855e-01 1.18698195e-01 9.79391038e-02 1.20076008e-01
    1.72088042e-01 2.09609196e-01 2.58464277e-01 3.06566685e-01
    1.96383923e-01 1.46203935e-01 1.46846592e-01 1.39797911e-01
    1.19423293e-01 1.01066634e-01 7.51376003e-02 7.74853453e-02
    7.13118166e-02</data></hog_2>
<hog_3 type_id="opencv-matrix">
  <rows>117</rows>
  <cols>1</cols>
  <dt>f</dt>
  <data>
    1.51823014e-01 1.52453139e-01 1.54233843e-01 1.50488168e-01
    2.86653906e-01 2.58856088e-01 1.50578573e-01 1.83289453e-01
    2.15189621e-01 1.71505898e-01 9.15364847e-02 1.71890512e-01
    1.14685498e-01 9.58094001e-02 1.68475464e-01 1.76624998e-01
    1.59718573e-01 1.26072258e-01 9.44039226e-02 3.99900600e-02
    7.31784180e-02 5.26472554e-02 1.14716694e-01 1.89105019e-01
    1.77653044e-01 1.77746981e-01 1.02932990e-01 5.85355051e-02
    2.39683455e-03 4.58361879e-02 8.51267353e-02 1.65080413e-01
    1.35073900e-01 6.09399341e-02 4.68224138e-02 4.48861951e-03
    5.12539186e-02 3.71051533e-03 4.61639315e-02 4.42754775e-02
    1.13644481e-01 1.02049768e-01 4.05808948e-02 5.63378409e-02
    7.76379043e-03 1.08797044e-01 7.09277391e-02 5.74081838e-02
    1.01924576e-01 3.34376663e-01 3.84608686e-01 2.09753469e-01
    1.18114524e-01 5.91878518e-02 6.91762790e-02 8.34189281e-02
    8.33906308e-02 1.43324122e-01 2.66721219e-01 2.41656259e-01
    1.29457235e-01 9.61824879e-02 1.00430824e-01 5.64339533e-02
    1.29344873e-03 5.70634939e-02 3.14145982e-02 9.52493027e-02
    9.42850411e-02 2.55133733e-02 5.45556433e-02 1.15729624e-03
    5.74203283e-02 7.70651996e-02 1.52380779e-01 2.56411821e-01
    4.52078074e-01 4.18581575e-01 2.78706104e-01 1.23977639e-01
    4.72248755e-02 3.54475230e-02 4.71371971e-03 4.84643094e-02
    8.59079063e-02 2.84210056e-01 2.46021882e-01 1.11570664e-01
    6.10138141e-02 1.35984467e-02 2.52420366e-01 5.13713919e-02
    9.65876952e-02 1.02582559e-01 1.92712277e-01 3.50689173e-01
    3.19245845e-01 3.35742354e-01 2.44051322e-01 1.35561243e-01
    1.80096880e-01 1.25647441e-01 8.03043172e-02 9.49922055e-02
    1.76245287e-01 2.34048203e-01 1.43997461e-01 5.56274764e-02
    1.85333237e-01 8.23387653e-02 7.21525773e-02 6.65680543e-02
    9.74820927e-02 9.79660675e-02 5.67907691e-02 1.14633523e-01
    1.12407431e-01</data></hog_3>
