<?xml version="1.0"?>
<opencv_storage>
<hog_0 type_id="opencv-matrix">
  <rows>117</rows>
  <cols>1</cols>
  <dt>f</dt>
  <data>
    1.24406189e-01 1.10339090e-01 9.92612317e-02 1.43475652e-01
    3.08545589e-01 4.59976226e-01 2.01252192e-01 6.29015490e-02
    5.97724058e-02 1.30462959e-01 6.10652231e-02 9.65461954e-02
    1.90176472e-01 2.14945242e-01 1.49183035e-01 1.53685257e-01
    2.09149152e-01 1.55669525e-01 4.07278687e-02 1.90488715e-02
    4.47766520e-02 5.10201827e-02 7.79942647e-02 8.02503526e-02
    7.13142827e-02 7.99459517e-02 5.09357601e-02 3.37586068e-02
    1.06955785e-02 2.74548028e-02 4.50136587e-02 7.43644312e-02
    8.11339915e-02 5.24547845e-02 3.64515334e-02 1.28837032e-02
    7.55076483e-02 2.99364086e-02 3.66677716e-02 2.91662663e-02
    6.54563308e-02 1.15064330e-01 1.21611111e-01 1.03180327e-01
    6.08592890e-02 9.53392386e-02 6.09360933e-02 8.08896199e-02
    1.21674903e-01 1.63471192e-01 2.67815977e-01 1.64948493e-01
    1.42430678e-01 1.30920097e-01 5.14173985e-01 1.31186888e-01
    4.72350679e-02 4.21429612e-02 3.17972824e-02 5.23841903e-02
    6.78580701e-02 1.59986764e-01 4.15592551e-01 2.92782392e-02
    1.28311170e-02 3.61054502e-02 5.27021550e-02 1.20885037e-01
    1.94803536e-01 1.19021595e-01 4.46497574e-02 1.14888651e-02
    1.81990638e-02 2.56409589e-02 5.60199805e-02 1.11005798e-01
    3.08272809e-01 3.28918159e-01 1.59401536e-01 9.74784121e-02
    2.28054766e-02 3.29450928e-02 1.63477696e-02 2.99644414e-02
    5.34085520e-02 1.87936902e-01 2.13614181e-01 8.10957402e-02
    5.17745167e-02 3.12842429e-02 1.36094555e-01 1.42267853e-01
    9.95645896e-02 7.73909986e-02 1.37683749e-01 2.14225173e-01
    1.98920324e-01 2.21322969e-01 1.49480119e-01 1.40065461e-01
    1.46731004e-01 1.54233262e-01 1.77277163e-01 1.74214900e-01
    1.19996749e-01 1.30142868e-01 1.20590687e-01 1.08969547e-01
    5.34546494e-01 3.46329361e-01 7.14062899e-02 4.38114367e-02
    4.76393886e-02 5.00618927e-02 5.23980372e-02 1.40193149e-01
    2.05007359e-01</data></hog_0>
<hog_1 type_id="opencv-matrix">
  <rows>117</rows>
  <cols>1</cols>
  <dt>f</dt>
  <data>
    2.14694083e-01 1.95650220e-01 1.93137556e-01 1.89598382e-01
    2.00514048e-01 1.76369041e-01 1.42194152e-01 1.48978025e-01
    1.79488778e-01 2.36856356e-01 2.24535316e-01 1.89252600e-01
    1.77133292e-01 1.73905060e-01 1.38446704e-01 1.14901349e-01
    1.20648794e-01 1.65166408e-01 2.19042629e-01 2.30276644e-01
    1.98768452e-01 1.77447557e-01 2.14522734e-01 1.91738501e-01
    1.34257883e-01 1.36764035e-01 1.65279403e-01 2.35205248e-01
    1.57372594e-01 1.13600343e-01 1.04589321e-01 1.05900064e-01
    1.07567899e-01 1.08958028e-01 1.29631206e-01 1.79987773e-01
    2.39531577e-01 1.84283733e-01 1.31032154e-01 1.27333656e-01
    1.22001283e-01 1.14772454e-01 1.19243406e-01 1.30281463e-01
    1.75623670e-01 2.72824466e-01 2.26661459e-01 1.98885903e-01
    1.66513175e-01 1.77419782e-01 1.64733678e-01 1.34712547e-01
    1.29656598e-01 1.76787093e-01 2.86913544e-01 1.71006620e-01
    1.08923078e-01 8.43955800e-02 8.44001547e-02 8.91179666e-02
    1.13086745e-01 1.53590068e-01 2.34010249e-01 2.24500433e-01
    1.64610296e-01 1.13111869e-01 1.02595344e-01 1.01950057e-01
    8.64378214e-02 7.77267516e-02 9.55306888e-02 1.53173342e-01
    1.44154519e-01 1.14639446e-01 9.03225541e-02 1.10167414e-01
    1.33392870e-01 1.23132303e-01 9.50976685e-02 9.57298502e-02
    1.10793523e-01 1.94760263e-01 1.08497493e-01 8.17935541e-02
    7.60962293e-02 8.17734674e-02 8.46736878e-02 9.27429572e-02
    1.12134740e-01 1.57225788e-01 3.68754357e-01 2.42309958e-01
    1.36502564e-01 9.99348164e-02 1.12849921e-01 1.11447543e-01
    1.10838167e-01 1.40343547e-01 2.13628054e-01 3.94948602e-01
    1.97379723e-01 1.11781441e-01 9.38061550e-02 1.02003515e-01
    1.20577998e-01 1.76109076e-01 3.22595328e-01 3.91598850e-01
    3.57669741e-01 2.11402938e-01 1.13784917e-01 8.63049477e-02
    8.15228298e-02 8.10667276e-02 9.45180207e-02 1.36738122e-01
    2.48012945e-01</data></hog_1>
<hog_2 type_id="opencv-matrix">
  <rows>117</rows>
  <cols>1</cols>
  <dt>f</dt>
  <data>
    2.76053816e-01 1.90118983e-01 1.41407847e-01 1.20505542e-01
    1.22698560e-01 1.16008282e-01 1.05067492e-01 1.05795860e-01
    1.54759467e-01 1.22421101e-01 1.47618786e-01 1.53585553e-01
    1.56067729e-01 1.56978145e-01 1.01041332e-01 7.36676976e-02
    7.74886683e-02 8.08463618e-02 1.61465287e-01 1.63334951e-01
    1.36091188e-01 1.76031992e-01 2.31609493e-01 2.33344302e-01
    1.75629288e-01 1.47838056e-01 1.38834000e-01 1.96246490e-01
    1.68817416e-01 1.55399650e-01 1.67560935e-01 1.70666546e-01
    1.90538406e-01 1.65118039e-01 1.61585569e-01 1.89829946e-01
    1.77786544e-01 1.40844882e-01 1.26126662e-01 1.47654966e-01
    1.75936297e-01 1.69572726e-01 1.44435555e-01 1.38149664e-01
    1.43665716e-01 1.32388741e-01 1.07146367e-01 1.01902217e-01
    1.30769446e-01 1.67410150e-01 1.55885547e-01 1.21620551e-01
    1.05603553e-01 1.19127020e-01 1.65031850e-01 1.13675021e-01
    1.06165841e-01 1.36786774e-01 2.04131141e-01 2.82453954e-01
    2.43074626e-01 1.98645413e-01 1.90660372e-01 1.41272560e-01
    1.16798177e-01 1.03187077e-01 1.18067116e-01 1.31228119e-01
    1.31435201e-01 1.22266360e-01 1.18430778e-01 1.23341307e-01
    1.50629669e-01 1.28123954e-01 1.08559020e-01 1.17091529e-01
    1.45465925e-01 1.30447343e-01 1.04780145e-01 8.85404870e-02
    9.79263261e-02 1.64176673e-01 1.21564247e-01 1.08640999e-01
    1.21536352e-01 1.94636136e-01 2.35686257e-01 1.52480409e-01
    1.20827377e-01 1.28103331e-01 2.86813289e-01 1.47744492e-01
    9.79869589e-02 7.91393965e-02 7.09729344e-02 7.28814378e-02
    8.23829323e-02 1.28858268e-01 2.33376890e-01 3.44710410e-01
    1.98479310e-01 1.49337053e-01 1.24248482e-01 1.23398185e-01
    1.25641540e-01 1.66490763e-01 2.72803247e-01 4.08330947e-01
    2.85982639e-01 1.74194172e-01 1.23743840e-01 1.17353484e-01
    1.66640207e-01 1.58945158e-01 1.19574271e-01 1.28972560e-01
    1.97216108e-01</data></hog_2>
<hog_3 type_id="opencv-matrix">
  <rows>117</rows>
  <cols>1</cols>
  <dt>f</dt>
  <data>
    1.89271510e-01 1.77274242e-01 1.81784227e-01 2.00722441e-01
    2.46249333e-01 2.39424691e-01 1.50512874e-01 1.23942703e-01
    1.39022604e-01 1.63074329e-01 1.30864099e-01 1.55234396e-01
    2.27438107e-01 3.03286403e-01 2.40077600e-01 1.57622173e-01
    1.46231934e-01 1.51821375e-01 1.54506326e-01 1.58169955e-01
    1.40730590e-01 1.81141928e-01 2.96002626e-01 2.80920804e-01
    2.08854109e-01 1.37483805e-01 1.18718818e-01 1.47392675e-01
    1.38876572e-01 1.38814971e-01 1.67160824e-01 2.11960495e-01
    1.93738788e-01 1.20538063e-01 8.81570652e-02 9.35937390e-02
    1.40026197e-01 1.40885934e-01 1.49534360e-01 1.69305250e-01
    2.18379512e-01 2.02711821e-01 1.45669565e-01 1.25316694e-01
    1.19083062e-01 1.59727201e-01 1.61499187e-01 1.60048857e-01
    1.73394457e-01 2.16991723e-01 2.28963748e-01 2.03775778e-01
    1.74928293e-01 1.53778672e-01 2.46728674e-01 1.72698021e-01
    1.54127970e-01 1.45025760e-01 2.19191819e-01 1.97543740e-01
    1.05085470e-01 8.02397579e-02 1.41749039e-01 1.43311054e-01
    1.20218463e-01 1.21685579e-01 1.53235033e-01 2.30514660e-01
    2.45952174e-01 1.69820771e-01 1.20475776e-01 1.21969149e-01
    1.73167109e-01 1.74598604e-01 1.76350340e-01 2.03718603e-01
    2.23619297e-01 1.79755151e-01 1.41967222e-01 1.27609506e-01
    1.19471602e-01 8.43473598e-02 7.21221641e-02 8.34106281e-02
    1.26827598e-01 1.88069209e-01 1.99205145e-01 1.33311450e-01
    8.36831778e-02 5.93279600e-02 1.92314386e-01 1.91572458e-01
    1.85199559e-01 1.89984426e-01 2.70686269e-01 2.44536817e-01
    1.61864072e-01 1.51035205e-01 1.55565351e-01 1.49813563e-01
    1.48269936e-01 1.57485902e-01 1.84971482e-01 2.44604409e-01
    2.52976686e-01 1.86936632e-01 1.65826544e-01 1.49762154e-01
    1.73729047e-01 2.03952715e-01 2.05314398e-01 2.25702345e-01
    2.64048338e-01 2.52460539e-01 1.21363238e-01 7.27524757e-02
    8.93823132e-02</data></hog_3>
